1 105 95 
2 106 78 
3 108 49 
4 103 84 
5 107 65 
5 104 97 
6 102 74 
7 106 66 
8 103 57 
9 101 49 
13 101 46 
14 106 95 
15 102 54 
17 109 71 
19 104 69 
21 107 94 
23 101 79 
27 103 86 
29 105 46 
31 101 69 
34 101 87 
35 101 78 
37 107 30 
39 102 100 
41 109 88 
43 103 83 
44 106 95 
47 101 54 
49 102 63 
50 107 84 
51 108 47 
53 104 88 
55 105 100 
57 101 45 
59 105 83 
61 102 53 
64 105 89 
67 107 87 
69 108 15 
71 103 40 
72 105 45 
74 104 94 
76 109 89 
79 106 41 
81 102 26 
83 101 50 
84 104 14 
88 104 83 
91 109 91 
93 111 46 
